#FIELD GLASS_ID RA DEC Z ZQ KZ_PHOT MAG
MACS1149_CTR           9       177.39702       22.421037      1.09940      3.00000      1.10900      23.4189
MACS1149_CTR          10       177.39599       22.421013      1.02340      3.00000     0.987000      23.9558
MACS1149_CTR          24       177.41054       22.420259      1.68010      3.00000      1.02700      23.9966
MACS1149_CTR          51       177.39197       22.419021      1.48540      3.00000      1.95800      25.3021
MACS1149_CTR          57       177.40899       22.418926     -99.0000     -99.0000      1.13000      26.4522
MACS1149_CTR          80       177.39115       22.418250     -99.0000     -99.0000      1.23900      25.7749
MACS1149_CTR          91       177.41001       22.418847     -99.0000     -99.0000      1.57400      23.9056
MACS1149_CTR          95       177.39003       22.417465     -99.0000     -99.0000      1.42400      25.8332
MACS1149_CTR         114       177.38639       22.417158      1.63700      3.00000      1.59900      24.6103
MACS1149_CTR         116       177.40447       22.417373     -99.0000     -99.0000      1.17300      26.9672
MACS1149_CTR         122       177.40725       22.417179     -99.0000     -99.0000      1.62500      26.6808
MACS1149_CTR         124       177.41070       22.417065      1.11940      3.00000     0.948000      24.4015
MACS1149_CTR         132       177.40907       22.417016      1.44470      4.00000      1.75900      25.2712
MACS1149_CTR         153       177.41201       22.416536     -99.0000     -99.0000      1.52300      25.7972
MACS1149_CTR         163       177.39554       22.416042      1.10190      3.00000      1.04700      24.3592
MACS1149_CTR         172       177.41726       22.414616     -99.0000     -99.0000      1.17300      25.1223
MACS1149_CTR         173       177.41716       22.414397     -99.0000     -99.0000      1.30700      24.2510
MACS1149_CTR         178       177.38660       22.416084     -99.0000     -99.0000      1.73200      25.2268
MACS1149_CTR         184       177.41455       22.416043     -99.0000     -99.0000      1.37700      26.6948
MACS1149_CTR         198       177.40117       22.415926     -99.0000     -99.0000      1.04700      26.7871
MACS1149_CTR         222       177.41572       22.414941     -99.0000     -99.0000      1.04700      22.3861
MACS1149_CTR         224       177.41382       22.415255     -99.0000     -99.0000      1.35300      26.3040
MACS1149_CTR         226       177.41954       22.415128     -99.0000     -99.0000      1.30700      24.5949
MACS1149_CTR         229       177.39324       22.414507     -99.0000     -99.0000      1.02700      24.6606
MACS1149_CTR         230       177.39289       22.414457      1.53690      3.00000      1.17300      24.3412
MACS1149_CTR         231       177.39261       22.414422      1.53190      3.00000      1.13000      24.4093
MACS1149_CTR         235       177.39057       22.414971      1.27420      3.00000      1.35300      25.6687
MACS1149_CTR         243       177.40674       22.414719     -99.0000     -99.0000      1.15200      25.9266
MACS1149_CTR         250       177.38533       22.414652     -99.0000     -99.0000      1.35300      26.6646
MACS1149_CTR         252       177.41190       22.414637     -99.0000     -99.0000      1.73200      26.5667
MACS1149_CTR         258       177.40595       22.414434      1.49290      3.00000      1.75900      25.5109
MACS1149_CTR         259       177.40593       22.414271      1.49920      3.00000     0.504000      23.7519
MACS1149_CTR         264       177.40925       22.413845     -99.0000     -99.0000      1.15200      27.6222
MACS1149_CTR         265       177.40904       22.414236     -99.0000     -99.0000      1.35300      24.7347
MACS1149_CTR         267       177.38506       22.414366     -99.0000     -99.0000      1.37700      25.0969
MACS1149_CTR         270       177.38599       22.414077      1.27320      3.00000      1.17300      23.2476
MACS1149_CTR         271       177.38585       22.413907      1.27460      4.00000      1.21700      25.3680
MACS1149_CTR         287       177.39082       22.413961     -99.0000     -99.0000      1.75900      26.2813
MACS1149_CTR         293       177.40831       22.413746     -99.0000     -99.0000      1.70500      25.6009
MACS1149_CTR         304       177.40556       22.413640     -99.0000     -99.0000      1.73200      27.5022
MACS1149_CTR         331       177.40809       22.413100     -99.0000     -99.0000      1.06800      23.8471
MACS1149_CTR         333       177.40597       22.412971      1.79100      4.00000      1.75900      24.9707
MACS1149_CTR         335       177.39098       22.413226     -99.0000     -99.0000      1.04700      26.8021
MACS1149_CTR         337       177.40414       22.413209     -99.0000     -99.0000      1.35300      27.2506
MACS1149_CTR         344       177.38638       22.412933     -99.0000     -99.0000      1.75900      24.2669
MACS1149_CTR         349       177.41171       22.412687      1.13630      3.00000      1.08800      23.0461
MACS1149_CTR         354       177.41700       22.412774     -99.0000     -99.0000      1.35300      26.7552
MACS1149_CTR         355       177.41296       22.412740     -99.0000     -99.0000      1.15200      26.5222
MACS1149_CTR         361       177.40521       22.413032     -99.0000     -99.0000      1.19500      26.5728
MACS1149_CTR         368       177.40264       22.412335     -99.0000     -99.0000      1.06800      26.4718
MACS1149_CTR         369       177.40222       22.412264     -99.0000     -99.0000      1.47300      25.1888
MACS1149_CTR         403       177.41167       22.411331      1.01450      3.00000      1.06800      24.6806
MACS1149_CTR         404       177.41184       22.411234     -99.0000     -99.0000      1.15200      25.5298
MACS1149_CTR         408       177.40666       22.411333     -99.0000     -99.0000      1.23900      26.0419
MACS1149_CTR         417       177.38302       22.410879      1.00270      3.00000      1.15200      24.0184
MACS1149_CTR         426       177.38352       22.410887      1.27720      3.00000      1.10900      22.1436
MACS1149_CTR         429       177.41915       22.410855     -99.0000     -99.0000      1.02700      99.0000
MACS1149_CTR         430       177.40618       22.410828     -99.0000     -99.0000      1.75900      26.7797
MACS1149_CTR         440       177.41032       22.410611     -99.0000     -99.0000      1.02700      27.4542
MACS1149_CTR         441       177.38877       22.410297     -99.0000     -99.0000      1.00700      25.1944
MACS1149_CTR         473       177.39412       22.409731     -99.0000     -99.0000      1.54800      27.1415
MACS1149_CTR         482       177.41106       22.409574      1.77220      3.00000      1.78700      25.3985
MACS1149_CTR         494       177.41586       22.409384      1.69300      3.00000      1.73200      25.7299
MACS1149_CTR         500       177.41626       22.409336      1.04720      3.00000     0.967000      25.7836
MACS1149_CTR         506       177.39897       22.409292     -99.0000     -99.0000      1.75900      27.8762
MACS1149_CTR         513       177.39592       22.409168     -99.0000     -99.0000      1.75900      27.3091
MACS1149_CTR         515       177.40646       22.408378     -99.0000     -99.0000      1.65200      26.3350
MACS1149_CTR         516       177.40661       22.408137     -99.0000     -99.0000      1.75900      30.3343
MACS1149_CTR         520       177.40542       22.408436      1.08560      4.00000      1.00700      21.4017
MACS1149_CTR         524       177.38613       22.408900     -99.0000     -99.0000      1.30700      25.2823
MACS1149_CTR         552       177.37783       22.407710      1.49030      3.00000      1.47300      21.6478
MACS1149_CTR         553       177.37683       22.407883      1.08890      3.00000     0.987000      23.9342
MACS1149_CTR         561       177.39786       22.408233     -99.0000     -99.0000      1.30700      26.0530
MACS1149_CTR         565       177.40039       22.406766     -99.0000     -99.0000      1.26100      21.7613
MACS1149_CTR         568       177.39923       22.407040      1.60870      3.00000    0.0300000      24.5762
MACS1149_CTR         569       177.39904       22.407002     -99.0000     -99.0000      1.59900      23.9666
MACS1149_CTR         571       177.40737       22.408253     -99.0000     -99.0000      1.59900      26.3379
MACS1149_CTR         572       177.40754       22.408178     -99.0000     -99.0000      1.57400      26.1968
MACS1149_CTR         577       177.40111       22.408186     -99.0000     -99.0000      1.33000      27.4964
MACS1149_CTR         591       177.41076       22.406822      1.48170      3.00000    0.0100000      24.8394
MACS1149_CTR         593       177.40693       22.407507      1.47780      4.00000      1.21700      22.8208
MACS1149_CTR         595       177.39018       22.407864      1.40960      3.00000    0.0720000      26.6075
MACS1149_CTR         604       177.41491       22.407519      1.50050      4.00000      1.75900      24.4032
MACS1149_CTR         619       177.37424       22.407224      1.64280      3.00000      1.81500      22.8891
MACS1149_CTR         645       177.38755       22.406914     -99.0000     -99.0000      1.37700      27.4174
MACS1149_CTR         666       177.37421       22.406289      1.64970      3.00000      1.42400      22.9978
MACS1149_CTR         668       177.41605       22.406480     -99.0000     -99.0000      1.59900      27.7319
MACS1149_CTR         676       177.41512       22.406198      1.68320      4.00000    0.0100000      23.6332
MACS1149_CTR         682       177.39686       22.406204      1.67590      3.00000    0.0410000      26.4120
MACS1149_CTR         683       177.39723       22.406186      1.67600      3.00000    0.0100000      25.0586
MACS1149_CTR         684       177.39701       22.406181     -99.0000     -99.0000      1.73200      25.9695
MACS1149_CTR         689       177.37913       22.406022     -99.0000     -99.0000      1.35300      25.3922
MACS1149_CTR         690       177.41584       22.406070     -99.0000     -99.0000      1.47300      28.6229
MACS1149_CTR         692       177.38680       22.405981     -99.0000     -99.0000      1.75900      26.5459
MACS1149_CTR         693       177.39851       22.405754      1.08400      3.00000      1.02700      24.8832
MACS1149_CTR         697       177.37364       22.405912     -99.0000     -99.0000      1.00700      29.3830
MACS1149_CTR         721       177.40540       22.405212     -99.0000     -99.0000      1.52300      26.5780
MACS1149_CTR         723       177.40568       22.405239     -99.0000     -99.0000      1.00700      25.0461
MACS1149_CTR         726       177.38418       22.405370      1.79450      3.00000      1.75900      25.1909
MACS1149_CTR         727       177.38408       22.405066      1.78140      3.00000      1.73200      25.5891
MACS1149_CTR         737       177.42301       22.405205     -99.0000     -99.0000      1.08800      23.1218
MACS1149_CTR         739       177.40071       22.405387     -99.0000     -99.0000      1.04700      26.9709
MACS1149_CTR         743       177.41429       22.405342     -99.0000     -99.0000      1.62500      28.5020
MACS1149_CTR         753       177.40100       22.404702      1.08600      4.00000      1.08800      20.4561
MACS1149_CTR         758       177.42121       22.404810     -99.0000     -99.0000      1.02700      24.0738
MACS1149_CTR         759       177.42133       22.404504     -99.0000     -99.0000      1.04700      24.0142
MACS1149_CTR         760       177.42142       22.404339     -99.0000     -99.0000      1.00700      26.2972
MACS1149_CTR         763       177.39643       22.405014     -99.0000     -99.0000      1.75900      28.0037
MACS1149_CTR         772       177.40592       22.405297     -99.0000     -99.0000      1.59900      26.1003
MACS1149_CTR         779       177.39831       22.404466     -99.0000     -99.0000      1.17300      25.8406
MACS1149_CTR         792       177.40523       22.404565     -99.0000     -99.0000      1.37700      26.8128
MACS1149_CTR         799       177.38320       22.404224     -99.0000     -99.0000      1.44900      25.4282
MACS1149_CTR         817       177.38517       22.403999     -99.0000     -99.0000      1.54800      26.7778
MACS1149_CTR         824       177.42150       22.403928     -99.0000     -99.0000      1.35300      27.5607
MACS1149_CTR         832       177.39993       22.403771     -99.0000     -99.0000      1.26100      27.4651
MACS1149_CTR         842       177.38929       22.403541     -99.0000     -99.0000      1.37700      26.9649
MACS1149_CTR         860       177.40304       22.402669     -99.0000     -99.0000      1.49800      25.4675
MACS1149_CTR         862       177.40342       22.402433      1.48800      4.00000      1.47300      22.7016
MACS1149_CTR         864       177.41871       22.403368     -99.0000     -99.0000      1.15200      27.0087
MACS1149_CTR         873       177.38355       22.403241     -99.0000     -99.0000      1.47300      27.4612
MACS1149_CTR         876       177.41954       22.403155     -99.0000     -99.0000      1.49800      26.9708
MACS1149_CTR         900       177.40886       22.403187      1.03300      4.00000     0.967000      21.2238
MACS1149_CTR         912       177.41503       22.402430     -99.0000     -99.0000      1.33000      27.2619
MACS1149_CTR         947       177.39909       22.397176     -99.0000     -99.0000      1.02700      23.1349
MACS1149_CTR         949       177.39939       22.397453      1.48800      4.00000     -99.0000      22.4445
MACS1149_CTR         953       177.40981       22.402144     -99.0000     -99.0000      1.08800      26.8305
MACS1149_CTR         957       177.38309       22.402152     -99.0000     -99.0000      1.23900      26.6678
MACS1149_CTR         963       177.38334       22.402014      1.49550      3.00000      1.30700      24.1494
MACS1149_CTR         968       177.37725       22.401822      1.65050      3.00000      1.62500      23.9390
MACS1149_CTR         974       177.41242       22.401798      1.03730      3.00000     0.967000      26.8677
MACS1149_CTR         980       177.41989       22.401819     -99.0000     -99.0000      1.54800      26.0968
MACS1149_CTR         981       177.41293       22.401693     -99.0000     -99.0000      1.19500      27.4662
MACS1149_CTR         982       177.38163       22.402324     -99.0000     -99.0000      1.62500      27.3308
MACS1149_CTR        1000       177.40498       22.401328      1.09600      3.00000     0.948000      25.4152
MACS1149_CTR        1005       177.40687       22.401257     -99.0000     -99.0000      1.13000      27.5790
MACS1149_CTR        1008       177.42009       22.401150     -99.0000     -99.0000      1.67800      25.8566
MACS1149_CTR        1010       177.41108       22.401053     -99.0000     -99.0000      1.00700      25.1034
MACS1149_CTR        1012       177.41976       22.401109     -99.0000     -99.0000      1.54800      26.8093
MACS1149_CTR        1014       177.38331       22.399786      1.18630      3.00000      1.15200      24.0358
MACS1149_CTR        1036       177.40889       22.401152     -99.0000     -99.0000      1.35300      26.9186
MACS1149_CTR        1037       177.37866       22.400588     -99.0000     -99.0000      1.78700      26.7050
MACS1149_CTR        1052       177.40884       22.400305     -99.0000     -99.0000      1.13000      25.7891
MACS1149_CTR        1053       177.41561       22.400342     -99.0000     -99.0000      1.08800      27.0317
MACS1149_CTR        1055       177.41474       22.400270     -99.0000     -99.0000      1.13000      26.2499
MACS1149_CTR        1058       177.39185       22.400106      1.24700      4.00000    0.0100000      22.8257
MACS1149_CTR        1062       177.39026       22.400150     -99.0000     -99.0000      1.59900      26.3862
MACS1149_CTR        1063       177.39016       22.399887     -99.0000     -99.0000      1.70500      25.3476
MACS1149_CTR        1064       177.39135       22.400218     -99.0000     -99.0000      1.28400      26.2978
MACS1149_CTR        1067       177.41125       22.400190      1.03680      3.00000     0.781000      26.3789
MACS1149_CTR        1082       177.41073       22.399873     -99.0000     -99.0000      1.35300      27.9241
MACS1149_CTR        1083       177.39226       22.399782     -99.0000     -99.0000      1.28400      26.0501
MACS1149_CTR        1097       177.42037       22.399480     -99.0000     -99.0000      1.57400      26.8564
MACS1149_CTR        1104       177.41154       22.399352     -99.0000     -99.0000      1.37700      26.5589
MACS1149_CTR        1106       177.41405       22.401109      1.11730      3.00000    0.0200000      28.0487
MACS1149_CTR        1130       177.40826       22.398809      1.11800      3.00000      1.13000      24.1372
MACS1149_CTR        1135       177.40429       22.398792     -99.0000     -99.0000      1.04700      27.3034
MACS1149_CTR        1158       177.42036       22.398003     -99.0000     -99.0000      1.65200      26.2125
MACS1149_CTR        1159       177.42003       22.398259     0.961900      3.00000      1.02700      23.5143
MACS1149_CTR        1181       177.38609       22.398282     -99.0000     -99.0000      1.35300      26.1072
MACS1149_CTR        1185       177.40372       22.397798      1.23930      3.00000      1.26100      26.0029
MACS1149_CTR        1188       177.40821       22.397900      1.13070      3.00000      1.19500      25.1092
MACS1149_CTR        1189       177.37925       22.397897     -99.0000     -99.0000      1.37700      26.9888
MACS1149_CTR        1190       177.37909       22.397791     -99.0000     -99.0000      1.35300      25.3173
MACS1149_CTR        1221       177.41140       22.397221     -99.0000     -99.0000      1.78700      26.7913
MACS1149_CTR        1225       177.38889       22.397138     -99.0000     -99.0000      1.17300      26.2621
MACS1149_CTR        1236       177.37943       22.396919     -99.0000     -99.0000      1.62500      26.6002
MACS1149_CTR        1258       177.38334       22.396500      1.90720      3.00000      1.02700      25.7231
MACS1149_CTR        1269       177.39211       22.396305      1.59510      3.00000      1.65200      27.0361
MACS1149_CTR        1280       177.37455       22.396122     -99.0000     -99.0000      1.19500      24.3114
MACS1149_CTR        1295       177.41265       22.395727      1.77600      3.00000      1.73200      25.1882
MACS1149_CTR        1296       177.38118       22.395951     -99.0000     -99.0000      1.73200      29.9154
MACS1149_CTR        1307       177.40450       22.395727     -99.0000     -99.0000      1.04700      27.4943
MACS1149_CTR        1318       177.37620       22.395498     -99.0000     -99.0000      1.75900      27.0438
MACS1149_CTR        1322       177.39255       22.394914      1.48900      3.00000    0.0100000      23.8513
MACS1149_CTR        1338       177.37690       22.395254     -99.0000     -99.0000      1.67800      27.1237
MACS1149_CTR        1343       177.39157       22.395067     -99.0000     -99.0000      1.57400      25.5833
MACS1149_CTR        1349       177.37607       22.394952     -99.0000     -99.0000      1.28400      26.6835
MACS1149_CTR        1373       177.40981       22.394629      1.24550      3.00000      1.35300      26.0639
MACS1149_CTR        1374       177.38173       22.393692      1.57960      3.00000     0.161000      23.9783
MACS1149_CTR        1375       177.38310       22.394077      1.22770      3.00000      1.13000      22.8632
MACS1149_CTR        1390       177.40802       22.394380      1.11570      3.00000      1.02700      24.1978
MACS1149_CTR        1393       177.41281       22.394396     -99.0000     -99.0000      1.54800      26.2433
MACS1149_CTR        1411       177.37790       22.394124     -99.0000     -99.0000      1.30700      26.6689
MACS1149_CTR        1413       177.37822       22.394139      1.24100      3.00000      1.37700      25.8668
MACS1149_CTR        1414       177.41048       22.394139      1.70840      3.00000      1.73200      27.1599
MACS1149_CTR        1422       177.38669       22.393896      1.23960      3.00000     -99.0000      25.4409
MACS1149_CTR        1423       177.40006       22.393908      1.23290      3.00000     0.799000      25.5176
MACS1149_CTR        1438       177.37282       22.393679     -99.0000     -99.0000      1.47300      24.3203
MACS1149_CTR        1439       177.39042       22.393627      1.59290      3.00000     -99.0000      25.1506
MACS1149_CTR        1446       177.38117       22.393558     -99.0000     -99.0000      1.33000      27.8874
MACS1149_CTR        1452       177.42081       22.393391     -99.0000     -99.0000      1.47300      25.4218
MACS1149_CTR        1462       177.42117       22.392967     -99.0000     -99.0000      1.15200      24.4242
MACS1149_CTR        1471       177.41563       22.392933      1.13920      3.00000      1.02700      24.4126
MACS1149_CTR        1491       177.42239       22.391904     -99.0000     -99.0000      1.10900      25.6934
MACS1149_CTR        1501       177.39702       22.396010      1.48800      4.00000    0.0100000      22.4212
MACS1149_CTR        1502       177.37826       22.392329      1.49220      3.00000      1.52300      24.0402
MACS1149_CTR        1504       177.37778       22.392383     -99.0000     -99.0000      1.54800      26.3170
MACS1149_CTR        1513       177.40922       22.392069     -99.0000     -99.0000      1.19500      26.9148
MACS1149_CTR        1521       177.37823       22.391678      1.48890      3.00000      1.04700      23.6467
MACS1149_CTR        1534       177.40789       22.389226     -99.0000     -99.0000      1.00700      25.4624
MACS1149_CTR        1553       177.38088       22.391461     -99.0000     -99.0000      1.35300      26.6485
MACS1149_CTR        1556       177.41307       22.390976     -99.0000     -99.0000      1.59900      25.6113
MACS1149_CTR        1558       177.37653       22.391357     -99.0000     -99.0000      1.30700      26.1092
MACS1149_CTR        1560       177.41909       22.391422     -99.0000     -99.0000      1.37700      27.8588
MACS1149_CTR        1573       177.37947       22.391014     -99.0000     -99.0000      1.15200      26.0797
MACS1149_CTR        1577       177.42371       22.390906     -99.0000     -99.0000      1.44900      25.7315
MACS1149_CTR        1608       177.39857       22.389397      1.02000      3.00000     -99.0000      23.9021
MACS1149_CTR        1648       177.38903       22.389374     -99.0000     -99.0000      1.49800      27.0726
MACS1149_CTR        1652       177.38224       22.391471      1.12430      3.00000      1.78700      23.1585
MACS1149_CTR        1659       177.40244       22.389190      1.13460      3.00000    0.0100000      25.9425
MACS1149_CTR        1668       177.39247       22.388772      1.24970      3.00000      1.26100      24.0573
MACS1149_CTR        1672       177.41286       22.388694     -99.0000     -99.0000      1.08800      25.3973
MACS1149_CTR        1692       177.41086       22.388145     -99.0000     -99.0000      1.65200      25.1315
MACS1149_CTR        1706       177.39808       22.387653     -99.0000     -99.0000      1.00700      26.8897
MACS1149_CTR        1709       177.39788       22.386963      1.24250      3.00000      1.17300      23.6780
MACS1149_CTR        1713       177.39951       22.387778     -99.0000     -99.0000      1.06800      25.4243
MACS1149_CTR        1716       177.39177       22.387703     -99.0000     -99.0000      1.44900      26.3373
MACS1149_CTR        1717       177.39935       22.388581     -99.0000     -99.0000      1.15200      26.6644
MACS1149_CTR        1728       177.41193       22.387496     -99.0000     -99.0000      1.37700      27.2567
MACS1149_CTR        1729       177.41391       22.387357     -99.0000     -99.0000      1.75900      26.3342
MACS1149_CTR        1730       177.41720       22.387422      1.37080      3.00000      1.35300      25.0591
MACS1149_CTR        1741       177.41601       22.387213     -99.0000     -99.0000      1.75900      27.7745
MACS1149_CTR        1743       177.41553       22.387186      1.75510      3.00000      4.59200      27.4770
MACS1149_CTR        1757       177.40863       22.386885      1.25040      4.00000    0.0100000      25.1019
MACS1149_CTR        1758       177.40843       22.386706      1.25240      3.00000      1.33000      25.0062
MACS1149_CTR        1777       177.39458       22.386953     -99.0000     -99.0000      1.35300      28.4366
MACS1149_CTR        1785       177.38204       22.390420     -99.0000     -99.0000      1.17300      22.6092
MACS1149_CTR        1801       177.38331       22.386963     -99.0000     -99.0000      1.30700      26.2081
MACS1149_CTR        1807       177.39716       22.388469     -99.0000     -99.0000      1.00700      25.7879
MACS1149_CTR        1822       177.39615       22.385280     -99.0000     -99.0000      1.57400      27.4564
MACS1149_CTR        1851       177.41249       22.384176      1.18840      3.00000     0.781000      25.0931
MACS1149_CTR        1878       177.40664       22.383874     -99.0000     -99.0000      1.06800      25.4231
MACS1149_CTR        1912       177.40211       22.382570      1.71670      3.00000      1.73200      25.5261
MACS1149_CTR        1913       177.40193       22.382998      1.12690      3.00000      1.00700      23.9142
MACS1149_CTR        1916       177.40034       22.388392     -99.0000     -99.0000      1.40000      26.0929
MACS1149_CTR        1929       177.40403       22.382482     -99.0000     -99.0000      1.37700      25.5331
MACS1149_CTR        1930       177.40392       22.382149     -99.0000     -99.0000      1.15200      25.5442
MACS1149_CTR        1931       177.40344       22.381587      1.40710      4.00000      1.13000      21.1797
MACS1149_CTR        1935       177.38095       22.382741     -99.0000     -99.0000      1.26100      26.9773
MACS1149_CTR        1944       177.39790       22.382548     -99.0000     -99.0000      1.49800      25.7544
MACS1149_CTR        1945       177.39815       22.382575     -99.0000     -99.0000      1.73200      27.4720
MACS1149_CTR        1946       177.40651       22.382752     -99.0000     -99.0000      1.35300      26.8326
MACS1149_CTR        1948       177.39029       22.382418      1.25270      3.00000      1.21700      25.7106
MACS1149_CTR        1967       177.38604       22.382138     -99.0000     -99.0000      1.49800      25.7613
MACS1149_CTR        1974       177.38279       22.381978     -99.0000     -99.0000      1.15200      26.3836
MACS1149_CTR        1976       177.40608       22.381970     -99.0000     -99.0000      1.13000      27.5391
MACS1149_CTR        1983       177.38214       22.381787     -99.0000     -99.0000      1.57400      26.2970
MACS1149_CTR        1991       177.38783       22.381371      1.19710      3.00000    0.0510000      24.2980
MACS1149_CTR        1994       177.40788       22.381507     -99.0000     -99.0000      1.78700      28.0688
MACS1149_CTR        2027       177.40317       22.380439     -99.0000     -99.0000      1.21700      26.6362
MACS1149_CTR        2028       177.40252       22.379610      1.14010      3.00000     0.580000      22.4190
MACS1149_CTR        2029       177.39145       22.380330     -99.0000     -99.0000      1.62500      27.1223
MACS1149_CTR        2032       177.39502       22.380286     -99.0000     -99.0000      1.21700      26.5241
MACS1149_CTR        2053       177.40624       22.379312     -99.0000     -99.0000      1.08800      24.5364
MACS1149_CTR        2075       177.39648       22.377744     -99.0000     -99.0000      1.19500      25.7716
MACS1149_CTR        2083       177.40542       22.378539     -99.0000     -99.0000      1.00700      24.7964
MACS1149_CTR        2090       177.39584       22.378423     -99.0000     -99.0000      1.33000      27.0866
MACS1149_CTR        2092       177.39408       22.378207     -99.0000     -99.0000      1.17300      23.6658
MACS1149_CTR        2101       177.39255       22.378162     -99.0000     -99.0000      1.02700      26.6826
MACS1149_CTR        2120       177.40003       22.376998     -99.0000     -99.0000      1.44900      25.5328
MACS1149_CTR        2133       177.40032       22.376110     -99.0000     -99.0000      1.54800      26.9265
